21504 3 1 0 MA1_1 MA1_2
21501 2 0 0 MA1_1
21501 2 1 0 MA1_1 MA1_2
21498 2 0 0 MA1_2
21504 2 0 0 MA1_2
21504 2 0 0 MA1_1
21498 2 1 0 MA1_1 MA1_2
21501 2 0 0 MA1_1
36901 2 0 0 MA1_2
21501 2 0 0 MA1_2
21498 2 0 0 MA1_2
36901 2 0 0 MA1_1
21498 2 0 0 MA1_1
21504 1 0 0 MA1_2
21501 2 0 0 MA1_2
21501 1 1 0 MA1_1 MA1_2
21498 1 1 0 MA1_1 MA1_2
21498 2 0 0 MA1_1
21504 1 0 0 MA1_1
36901 2 1 0 MA1_1 MA1_2
21504 1 0 0 MA1_4
21498 2 0 0 MA1_4
21498 1 1 0 MA1_4 MA1_3
36901 2 0 0 MA1_3
21501 2 0 0 MA1_3
21498 2 0 0 MA1_3
21498 2 0 0 MA1_4
21504 2 0 0 MA1_3
21504 3 1 0 MA1_4 MA1_3
21501 2 1 0 MA1_4 MA1_3
21501 2 0 0 MA1_4
21498 2 1 0 MA1_4 MA1_3
21501 1 1 0 MA1_4 MA1_3
21501 2 0 0 MA1_4
36901 2 0 0 MA1_4
21504 3 0 0 MA1_3
21501 2 0 0 MA1_3
36901 2 1 0 MA1_4 MA1_3
21498 2 0 0 MA1_3
24206 2 0 0 MA2_2
31408 2 0 0 MA2_1
36904 2 0 0 MA2_1
36904 2 1 0 MA2_1 MA2_2
36905 2 0 0 MA2_2
24206 2 1 0 MA2_1 MA2_2
31408 2 0 0 MA2_2
31417 2 1 0 MA2_1
31417 2 1 0 MA2_2
36905 2 0 0 MA2_1
36905 3 1 0 MA2_1 MA2_2
31408 2 1 0 MA2_1 MA2_2
24206 2 0 0 MA2_1
36904 2 0 0 MA2_2
36905 2 0 0 MA2_4
36904 2 1 0 MA2_3 MA2_4
31408 2 0 0 MA2_4
31408 2 1 0 MA2_3 MA2_4
31417 2 1 0 MA2_4
36905 2 0 0 MA2_3
36904 2 0 0 MA2_4
24206 2 0 0 MA2_3
31408 2 0 0 MA2_3
31417 2 1 0 MA2_3
24206 2 1 0 MA2_3 MA2_4
24206 2 0 0 MA2_4
36905 3 1 0 MA2_3 MA2_4
36904 2 0 0 MA2_3