21504 3 1 0 MA1_1 MA1_2
21501 2 0 0 MA1_1
21501 2 1 0 MA1_1 MA1_2
21498 2 0 0 MA1_2
21504 2 0 0 MA1_2
21504 2 0 0 MA1_1
21498 2 1 0 MA1_1 MA1_2
21501 2 0 0 MA1_1
36901 2 0 0 MA1_2
21501 2 0 0 MA1_2
21498 2 0 0 MA1_2
36901 2 0 0 MA1_1
21498 2 0 0 MA1_1
21504 1 0 0 MA1_2
21501 2 0 0 MA1_2
21501 1 1 0 MA1_1 MA1_2
21498 1 1 0 MA1_1 MA1_2
21498 2 0 0 MA1_1
21504 1 0 0 MA1_1
36901 2 1 0 MA1_1 MA1_2
21504 1 0 0 MA1_4
21498 2 0 0 MA1_4
21498 1 1 0 MA1_4 MA1_3
36901 2 0 0 MA1_3
21501 2 0 0 MA1_3
21498 2 0 0 MA1_3
21498 2 0 0 MA1_4
21504 2 0 0 MA1_3
21504 3 1 0 MA1_4 MA1_3
21501 2 1 0 MA1_4 MA1_3
21501 2 0 0 MA1_4
21498 2 1 0 MA1_4 MA1_3
21501 1 1 0 MA1_4 MA1_3
21501 2 0 0 MA1_4
36901 2 0 0 MA1_4
21504 3 0 0 MA1_3
21501 2 0 0 MA1_3
36901 2 1 0 MA1_4 MA1_3
21498 2 0 0 MA1_3
24206 2 0 0 MA2_2 MAN3
31408 2 0 0 MA2_1
36904 2 0 0 MA2_1
36904 2 1 0 MA2_1 MA2_2
36905 2 0 0 MA2_2
24206 2 1 0 MA2_1 MA2_2 MAN3
31408 2 0 0 MA2_2
31417 2 1 0 MA2_1
31417 2 1 0 MA2_2
36905 2 0 0 MA2_1
36905 3 1 0 MA2_1 MA2_2
31408 2 1 0 MA2_1 MA2_2
24206 2 0 0 MA2_1 D_MAN2
36904 2 0 0 MA2_2
36905 2 0 0 MA2_4
36904 2 1 0 MA2_3 MA2_4
31408 2 0 0 MA2_4
31408 2 1 0 MA2_3 MA2_4
31417 2 1 0 MA2_4
36905 2 0 0 MA2_3
36904 2 0 0 MA2_4
24206 2 0 0 MA2_3
31408 2 0 0 MA2_3
31417 2 1 0 MA2_3
24206 2 1 0 MA2_3 MA2_4 D_MAN2
24206 2 0 0 MA2_4
36905 3 1 0 MA2_3 MA2_4
36904 2 0 0 MA2_3
31417 2 1 0 MAN2_1 MAN2_2
36912 2 0 0 MA3_2 MA3_3
45877 2 0 0 MA3_1
36912 1 1 0 MA3_1 MA3_2
61589 2 0 1 MA3_2
36910 2 0 0 MA3_1
36910 2 1 0 MA3_1 MA3_2
36912 2 1 0 MA3_1 MA3_2
61589 2 0 1 MA3_1
45877 2 1 0 MA3_2 MA3_3
61589 2 1 0 MA3_1 MA3_2
45877 2 0 0 MA3_1
36910 2 0 0 MA3_2 MA3_3
45877 2 0 0 MA3_2
36912 2 0 0 MA3_1
61589 2 1 0 MA3_3 MA3_4
61589 2 0 1 MA3_4
61589 2 0 1 MA3_3
45877 2 1 0 MA3_4
36910 2 1 0 MA3_3 MA3_4
45877 2 0 0 MA3_3
36910 2 0 0 MA3_4
45877 2 0 0 MA3_4
36912 3 1 0 MA3_3 MA3_4
36912 2 0 0 MA3_4
21530 3 0 0 MAN1_1 MAN1_2
21535 2 0 0 MAN1_1 MAN1_2 MAN1_3 MAN1_4
21538 2 1 0 MAN1_1 MAN1_2
21540 2 0 1 MAN1_2
21540 2 0 1 MAN1_1
21540 2 1 0 MAN1_1 MAN1_2
21535 2 1 0 MAN1_1 MAN1_2
21538 2 1 0 MAN1_1 MAN1_2
21530 3 1 0 MAN1_1 MAN1_2
21541 2 1 0 MAN1_1 MAN1_2
21530 2 0 0 MAN1_1 MAN1_2 MAN1_3 MAN1_4
21535 2 0 0 MAN1_1 MAN1_2
21538 2 1 0 MAN1_3 MAN1_4
21540 2 0 1 MAN1_3
21541 2 1 0 MAN1_3 MAN1_4
21535 2 0 0 MAN1_3 MAN1_4
21530 3 1 0 MAN1_3 MAN1_4
21535 2 1 0 MAN1_3 MAN1_4
21538 2 1 0 MAN1_3 MAN1_4
21540 2 0 1 MAN1_4
21530 2 0 0 MAN1_3 MAN1_4
21540 2 1 0 MAN1_3 MAN1_4
21530 2 0 0 MAN1_3 MAN1_4
24210 2 0 0 MAN2_1 MAN2_2
24217 2 1 0 MAN2_1 MAN2_2
24217 2 1 0 MAN2_1 MAN2_2
24217 1 1 0 MAN2_1 MAN2_2
36959 3 1 0 MAN2_1 MAN2_2
24217 3 0 0 MAN2_1
24210 2 1 0 MAN2_1 MAN2_2
24217 3 0 0 MAN2_2